260.9851933
223.6608132
181.193183
156.5586895
140.5817415
128.7993504
119.6975574
112.1792581
105.9286724
100.7690061
96.33761772
88.96596461
83.08449515
78.32092285
74.1427905
68.95248609
64.55851258
60.82505549
56.60703139
52.36579455
49.02829679
45.84205588
42.86482887
40.45771753
37.94735335
35.51929674
33.11261778
31.04653598
29.16454755
27.26044532
25.57671104
23.90045227
22.38809264
20.94606655
19.6113158
18.31848709
17.1112214
15.9967709
14.93301862
13.93656381
13.00026408
12.14809733
11.34464514
10.55985183
9.786715008
9.064088297
8.361030367
7.663881899
7.02007178
6.435550218
5.899295933
5.387512965
4.932157496
4.511699433
4.124352327
3.740203675
3.41048505
3.100990378
2.811741603
2.552509983
2.343674512
2.122132546
1.921850346
1.725824094
1.556805238
1.435870421
1.328618969
1.23910838
1.179794863
1.100195186
1.00958086
0.9411523874
0.8740790708
0.8102257951
0.7537071943
0.6882935216
0.6183171353
0.5660532002
0.498437357
0.436372451
0.4049679326
0.384557982
0.3553407331
0.3264231189
0.3080516299
0.3093949446
0.2967798799
0.2670493533
0.2468473068
0.2328356757
0.217009601
0.2107296433
