0.003332414206
0.00508009534
0.006192997516
0.006674253072
0.00674867686
0.006593944285
0.006333567401
0.006038442114
0.005749488486
0.005485713573
0.005250576716
0.004858292957
0.004544632895
0.004285104739
0.0040614152
0.003775642766
0.003539424755
0.003343711629
0.003129745801
0.002914569595
0.002740416778
0.002571369019
0.002409270586
0.002271022862
0.002126447231
0.001997859084
0.001872021231
0.00175585106
0.001647135432
0.001543847984
0.00145027385
0.001353952723
0.001270737232
0.001195418418
0.001126259074
0.001062307658
0.001001066806
0.0009452562003
0.0008909172904
0.0008393424019
0.000792050813
0.0007494589352
0.0007120886852
0.0006786648727
0.0006480227032
0.0006194691728
0.0005924208196
0.0005672535387
0.0005424518332
0.0005189769754
0.0004987925191
0.0004823290654
0.0004684385787
0.0004566482699
0.0004462917079
0.0004355933615
0.0004237727911
0.0004124158586
0.0004014292259
0.000393537888
0.0003887723442
0.0003869722595
0.0003852316334
0.0003834891747
0.0003795169174
0.0003746737714
0.0003691300955
0.0003651653842
0.0003620903561
0.0003589470817
0.000354550967
0.0003493576567
0.00034012107
0.0003279744637
0.000317424199
0.0003081722064
0.0002976600003
0.0002893346757
0.0002855936753
0.0002823890055
0.0002774024465
0.0002760204553
0.0002761781894
0.0002738407785
0.0002804503291
0.0002983545942
0.0003236872532
0.0003553407287
0.0003925636747
0.000437604343
0.0004893617788
0.0005543934028
