272.9595468
248.0796489
208.3341344
173.0565233
147.294988
133.207675
124.3270426
118.4980425
115.0507986
110.5382852
104.624528
96.27411818
91.26462379
86.05230271
79.87412911
73.49479437
67.0043131
62.58529664
57.85717515
53.83803706
50.63283866
47.80601708
44.87853246
41.65474979
38.5745241
36.45609176
34.3065017
31.90245263
30.09718091
28.05807361
26.56141763
24.78137248
23.33059793
21.9887183
20.62852558
19.36705505
18.09114536
16.92803087
15.84504388
14.85474615
13.92654917
13.06648663
12.33554814
11.66600647
11.03396689
10.44831573
9.917555404
9.396412023
8.899058775
8.44278654
7.974994257
7.537033248
7.093625307
6.658747537
6.211647524
5.778670363
5.35868994
4.977785626
4.606322529
4.224867054
3.850305908
3.502313194
3.160595861
2.852692542
2.61541368
2.409943103
2.226095401
2.071476511
1.923128606
1.787939452
1.709620022
1.599807519
1.467564617
1.358035192
1.256810913
1.120484155
1.01618949
0.9059796008
0.788124855
0.6824726024
0.6084221511
0.5440281569
0.5165198602
0.4920259665
0.4797553244
0.4437824368
0.4180249206
0.3625980336
0.3430265966
0.326154139
0.3433730077
0.3444382248
