553.266905
316.9964744
235.1807522
192.6189111
166.0693334
147.6969949
134.1002826
123.554413
115.0870483
108.1059814
102.2286106
92.82609162
85.58051978
79.78327138
75.01206705
69.21651767
64.57663265
60.75491026
56.57236515
52.38268136
49.00182802
45.69459852
42.56896084
40.00703016
37.30443933
34.86121092
32.47908137
30.37932038
28.3982923
26.56250223
24.87984356
23.21556135
21.73802821
20.33315975
19.02430145
17.79077861
16.62408916
15.56121183
14.54895353
13.60527779
12.72636469
11.90929895
11.14413873
10.42599991
9.752586386
9.122693828
8.535360388
7.984129671
7.470382896
6.990515255
6.539530252
6.118806609
5.725552115
5.356581465
5.01170633
4.689487885
4.387671105
4.105461788
3.841699058
3.594431427
3.363494286
3.147298143
2.945009673
2.755801172
2.578816067
2.413188483
2.25837701
2.113535064
1.978124055
1.851524097
1.733229175
1.622688872
1.519512586
1.423292733
1.333699962
1.2504447
1.173341666
1.10229517
1.037298927
0.9785115124
0.9262721137
0.8811287131
0.8438965046
0.8156750938
0.7978586448
0.7920856765
0.800138806
0.823807663
0.8647624078
0.9244866003
1.004323501
1.105589812
