0.00404980792
0.005977026803
0.006977572385
0.007172792301
0.00698678311
0.006668759487
0.006310204515
0.00598231479
0.005709861933
0.005451867983
0.005198331733
0.004816049163
0.00452642088
0.004250664154
0.004011461068
0.003756275009
0.003537107442
0.003338790784
0.003134539455
0.002928307276
0.002758690402
0.002589452385
0.002436145712
0.002301832643
0.002161857086
0.002040148792
0.001921964116
0.001812982964
0.001714103804
0.001622885817
0.001541370592
0.001461699163
0.001393636516
0.001331651236
0.001275257598
0.001224631273
0.001180584063
0.001143714837
0.001111907341
0.001085513686
0.001064437296
0.001046929116
0.001034345108
0.001026407422
0.001021700157
0.001020085835
0.001020709385
0.001021986143
0.001024258928
0.001028859223
0.001035999538
0.001045008914
0.001055111328
0.001066775843
0.001080119083
0.001092873862
0.001106344847
0.001122377945
0.001140340566
0.00115837913
0.001178114593
0.001201281606
0.001226065618
0.00124966019
0.001268358255
0.001281359506
0.001283999045
0.001270862017
0.001242880126
0.001210775973
0.001183025865
0.001158929524
0.001138737076
0.00111936055
0.001096350304
0.001064559582
0.001023410998
0.0009742454804
0.0009373325787
0.0009248387942
0.0009364073267
0.0009625753823
0.0009973185749
0.001049697625
0.001121961204
0.001208605689
0.001309298948
0.00142492474
0.001529181196
0.001615618652
0.001731296087
0.001874144447
