0.003549906753
0.007099813505
0.01064972026
0.01419962701
0.01774953376
0.02129944052
0.02484934727
0.02839925402
0.03194916077
0.03549906753
0.03904897428
0.04614878778
0.05324860129
0.06034841479
0.0674482283
0.07809794856
0.08874766881
0.09939738907
0.1135970161
0.1313465498
0.1490960836
0.1703955241
0.1952448714
0.2200942187
0.2520433794
0.287542447
0.330141328
0.3762901158
0.4295387171
0.4898871319
0.5573353601
0.6389832155
0.7277308843
0.8306781801
0.9478251029
1.08272156
1.238917457
1.412862888
1.615207572
1.845951511
2.108644611
2.406836778
2.747627826
3.138117569
3.58540582
4.096592392
4.6787771
5.346159569
6.105839614
6.972016862
7.965990753
9.098411007
10.39057706
11.87088818
13.56064379
15.48824316
17.69273525
20.20961914
23.08149371
26.36870736
30.11740889
34.40214634
39.29746775
44.88857089
51.27485313
58.57346142
66.90509257
76.42594248
87.29930686
99.72043059
113.905858
130.1147322
148.6274959
169.7742904
193.927856
221.5212812
253.0409032
289.0405076
330.1661773
377.1456433
430.8060338
492.1022737
562.1170845
642.0964837
733.4568839
837.8134927
957.0193614
1093.183135
1248.725849
1426.395132
1629.346851
1861.173511
