264.4779938
226.7415631
185.8983776
160.6938005
143.4611489
131.0098923
121.4231487
113.8503564
107.7020917
102.4090538
97.59177309
89.83983605
83.85453479
78.88824336
74.50433976
69.24730218
64.83808634
61.22253203
57.19044117
53.18189539
49.91302132
46.70367357
43.67908299
41.11895638
38.4257024
36.03305466
33.66082595
31.51436088
29.50975024
27.60513959
25.84655313
24.10634306
22.58178677
21.15239529
19.78793833
18.54640523
17.377235
16.30313733
15.24502833
14.27417787
13.34402056
12.46887349
11.67153606
10.94826452
10.25870496
9.589904692
8.924217856
8.268035094
7.658185363
7.083459479
6.513382196
6.014156399
5.528543957
5.038411833
4.577163068
4.167013863
3.771619374
3.440483753
3.162008015
2.914191485
2.669174537
2.439383571
2.20988185
1.986555698
1.773053824
1.597281601
1.469966019
1.35121635
1.218406607
1.111144547
1.034507408
0.9670719927
0.8960369385
0.8587627426
0.824530563
0.7662766939
0.7105646199
0.64972365
0.5844400682
0.5034443548
0.4521461629
0.4033975263
0.372084979
0.3556768934
0.3476682318
0.3300719965
0.3102648842
0.2996251415
0.2875090447
0.2958427455
0.2961299916
0.2989690365
