0.0262203689
0.01513349434
0.01128832294
0.009286227278
0.008036952369
0.007172572271
0.006533187897
0.006037646771
0.00564016115
0.005312823081
0.005037590618
0.004598196853
0.004260656711
0.003991492514
0.003770744952
0.003503806815
0.003291294712
0.003117252736
0.002928044811
0.002740140818
0.002589966126
0.002444587984
0.002308857248
0.002199039248
0.002084845352
0.001983321492
0.001886169516
0.001802276557
0.0017248546
0.001654819588
0.001592266124
0.001532135638
0.001480375535
0.001432736358
0.001389877651
0.001350962236
0.001315592009
0.001284685114
0.001256505004
0.001231412635
0.001209129339
0.001189407736
0.001171851454
0.001156213855
0.001142319585
0.001130022463
0.001119185443
0.001109583485
0.001101143715
0.001093714979
0.001087142212
0.001081374757
0.001076307681
0.001071843037
0.00106792786
0.001064499214
0.001061492709
0.00105886531
0.00105657511
0.001054579083
0.001052853839
0.001051369166
0.001050105451
0.001049047633
0.001048185446
0.001047514246
0.001047036931
0.001046762625
0.001046710226
0.001046909274
0.001047402805
0.001048251315
0.001049536257
0.001051366874
0.001053887026
0.001057285847
0.001061808212
0.00106776984
0.001075578201
0.001085750855
0.001098940744
0.001115967648
0.001137844092
0.001165809643
0.001201352998
0.001246232377
0.001302490958
0.001372451261
0.001458717458
0.001564150373
0.001691881215
0.001845305527
