0.01719361763
0.01215900094
0.00992882905
0.008599525032
0.00769246032
0.007022964069
0.006502687021
0.006083348148
0.005736040337
0.005442259296
0.005189537534
0.004774686247
0.004445927385
0.00417710102
0.003951973715
0.003673808825
0.003447425212
0.003258537513
0.003049363064
0.002837337768
0.002664494366
0.002493972127
0.002331571202
0.002197614721
0.002055538577
0.001926478299
0.001800139544
0.001688415676
0.001582750225
0.001484655213
0.001394639156
0.001305557514
0.001226477337
0.001151337822
0.001081425259
0.00101566601
0.0009536356211
0.0008973151839
0.0008438980081
0.0007943479003
0.0007484685714
0.0007061072165
0.0006667468638
0.0006301366281
0.000596158225
0.0005647455224
0.0005358394181
0.0005091103948
0.0004846108951
0.0004621487375
0.0004414726542
0.0004226253164
0.0004054549002
0.0003897972771
0.0003756174464
0.0003628244759
0.0003512971123
0.0003409728879
0.000331775097
0.0003236031888
0.0003164192683
0.0003101414302
0.0003047158746
0.000300092245
0.0002962237819
0.0002930690752
0.0002905981664
0.0002887814068
0.0002876000942
0.0002870406201
0.0002870967308
0.0002877692242
0.0002890655475
0.0002910002247
0.0002935943305
0.0002968764656
0.0003008810191
0.0003056484601
0.0003112272394
0.0003176706885
0.0003250373643
0.0003333927183
0.0003428065687
0.0003533550961
0.0003651186599
0.0003781821902
0.0003926364524
0.0004085762228
0.0004261027369
0.0004453206521
0.0004663421114
0.0004892841925
