0.004096651042
0.005995316497
0.006781279912
0.00677639972
0.006553265808
0.006342934266
0.0061001146
0.005853224848
0.005643226958
0.005415943187
0.005160850925
0.004762026454
0.004484889896
0.004239303964
0.003983372733
0.003692335068
0.003426577693
0.003228109846
0.003014934639
0.002815730575
0.002653864887
0.002501006685
0.002346593164
0.002194973561
0.002044314249
0.00192537569
0.00180744199
0.001691342804
0.001595269599
0.001495853208
0.001412011614
0.001319127303
0.001240581513
0.00116571603
0.001093133104
0.001026137123
0.0009614699331
0.0009047784006
0.0008515357306
0.0008018791958
0.0007548997175
0.000711514837
0.0006711814847
0.0006333074121
0.0005975720013
0.0005637748416
0.0005319315479
0.0005029379691
0.000476226922
0.0004521804049
0.0004317397202
0.0004144644563
0.0003989308075
0.0003830807453
0.0003689366045
0.0003557822919
0.0003441104313
0.0003338664733
0.0003270102707
0.0003234752552
0.0003216899043
0.0003201207624
0.0003185460309
0.0003160373201
0.0003120203838
0.0003064971912
0.000300437074
0.0002937611263
0.000288190872
0.0002834953345
0.0002821630077
0.0002843004154
0.0002884997842
0.0002921269482
0.000294779705
0.0002973902723
0.0002961199041
0.000295634941
0.0003012796769
0.000312835415
0.0003290243054
0.0003482760584
0.000368205752
0.000378605465
0.0003801257037
0.000377845836
0.0003735733711
0.0003734380486
0.0003934353075
0.0004280650839
0.0004724531341
0.0005263409672
