0.01797466437
0.01257404397
0.01023046308
0.00884482086
0.007903475939
0.007210621366
0.006673239788
0.006240737848
0.005882926207
0.005580529071
0.005320585113
0.004894243756
0.004556689631
0.004280868432
0.004050016888
0.00376494543
0.003533076542
0.003339706389
0.003125670792
0.002908833076
0.002732157622
0.002557941484
0.002392110484
0.002255396507
0.002110475762
0.001978912906
0.0018502114
0.00173648191
0.001629004741
0.001529315209
0.00143792357
0.001347578779
0.001267474664
0.001191463515
0.001120845522
0.001054533466
0.0009920988784
0.000935528762
0.0008819972797
0.0008324673144
0.000786734413
0.0007446363916
0.0007056495529
0.0006695161765
0.0006361092761
0.0006053515303
0.0005771702693
0.0005512286733
0.0005275607317
0.0005059618483
0.0004861717164
0.0004682114017
0.0004519150638
0.0004371059559
0.0004237297897
0.0004116794603
0.0004008199096
0.0003910720766
0.0003823442512
0.0003745225541
0.0003675534505
0.000361341648
0.0003558190307
0.0003509209664
0.0003465859959
0.0003427569461
0.0003393884422
0.0003364326909
0.0003338532136
0.0003316165768
0.0003296965054
0.0003280714896
0.0003267284891
0.0003256608504
0.0003248706887
0.0003243698245
0.0003241821277
0.0003243455997
0.0003249157994
0.000325969883
0.0003276114034
0.0003299768306
0.0003332422672
0.0003376322698
0.0003434280652
0.0003509765352
0.0003606993038
0.0003730983423
0.0003887617864
0.0004083622791
0.000432658542
0.0004624893477
