479.7383894
280.6677378
210.8306682
174.1039169
150.9891988
134.8756785
122.8771475
113.5224114
105.9780085
99.7340064
94.45957774
85.98657405
79.42660072
74.15800826
69.8083564
64.50822958
60.2517698
56.73706457
52.88149548
49.01002928
45.87930655
42.81116151
39.90654458
37.52231643
35.00393409
32.7244774
30.49961367
28.53659483
26.68303873
24.96410843
23.3875463
21.82729742
20.44141124
19.12309566
17.89438938
16.73600106
15.64003574
14.64131932
13.68994131
12.80283546
11.97645883
11.20811009
10.48847167
9.812974491
9.179478838
8.586868636
8.03425325
7.515569453
7.032126348
6.580539711
6.156113754
5.760151164
5.390028436
5.042751142
4.71814494
4.414858057
4.130770048
3.865135171
3.616862352
3.384116228
3.166743368
2.963249248
2.772851345
2.594772842
2.42821038
2.272352814
2.126695671
1.990449244
1.863116296
1.744126869
1.633023296
1.529313529
1.43266565
1.342745661
1.259311885
1.182185904
1.111321425
1.046801267
0.9888507642
0.9379202208
0.8947091487
0.8601942045
0.8356636355
0.8226892888
0.8230593809
0.8386471659
0.8712659708
0.9225589742
0.9939882654
1.086908013
1.202730888
1.343081855
