763.532448
410.3474192
291.3757095
231.1190785
194.444303
169.6215472
151.612497
137.8908837
127.0485254
118.2372941
110.9152007
99.39701137
90.69599707
83.85011584
78.2960813
71.64975116
66.40938614
62.14751401
57.53978493
52.98316124
49.34875782
45.82963268
42.5358426
39.85873184
37.05606309
34.54064407
32.10418588
29.9691288
27.96513203
26.11659557
24.42911914
22.76620387
21.29472812
19.89961598
18.60316142
17.38409018
16.23339362
15.18693834
14.19186467
13.26548571
12.4037233
11.60344747
10.8547051
10.15254955
9.494598912
8.879561629
8.306401504
7.768740215
7.267861913
6.800199561
6.360843758
5.951105797
5.56824045
5.209127936
4.87357174
4.560162886
4.266703845
3.99242274
3.736195576
3.496135877
3.272097743
3.06255799
2.866734244
2.68385705
2.513137974
2.353790656
2.205353132
2.067084601
1.938556074
1.819279622
1.708896244
1.607029282
1.513475254
1.428039035
1.350618607
1.281164622
1.219723784
1.166404875
1.121353036
1.084768997
1.056869735
1.037856273
1.027897584
1.027103043
1.035511928
1.053089621
1.079741528
1.115332892
1.159721342
1.212778385
1.274425091
1.344645853
